Polinomial coefficients
[-0.8061577012389105, -0.3621987584904036, -0.16057091147074054, 0.4803476403769713, -0.10624889645240687, 0.3182084398201366, 0.6789895126695962, -0.791324832566177, 0.531479159887424, 0.49115959567000167]
Mean train
[0.90920214, 0.81962487, 0.88819135]
Covariance train
[[0.16309729, 0.19325742, -0.12621892], [0.19325742, 0.25197638, -0.13972381], [-0.12621892, -0.13972381, 0.19160666]]
Mean shift
{'X1': -0.49436439335894444, 'X2': 0.26891200514113334, 'X3': -0.7607351702657307}
Covariance shift
[[0.16309729, 0.19325742, -0.12621892], [0.19325742, 0.25197638, -0.13972381], [-0.12621892, -0.13972381, 0.19160666]]
